Player 1:
22
41
30
6
9
1
50
4
40
33
12
19
15
24
7
2
11
5
48
20
34
35
31
16
17

Player 2:
27
25
46
29
28
23
36
32
13
8
45
42
10
26
39
43
3
44
47
21
18
49
37
14
38

Player 1:
42
19
8
46
26
16
27
43
14
38
41
5
20
49
39
10
29
21
22
6
36
44
34
3
2

Player 2:
48
25
45
4
33
40
32
18
50
31
13
37
47
24
30
23
1
15
12
35
7
17
11
9
28

Player 1:
19
44
1
38
6
11
46
45
41
20
25
4
3
43
36
23
17
10
5
37
35
13
18
9
34

Player 2:
12
7
31
28
14
26
30
27
29
8
40
15
39
47
50
21
16
22
48
49
32
33
2
42
24

Player 1:
18
43
32
25
29
13
36
4
46
1
34
10
49
39
48
7
37
42
45
9
20
3
26
17
40

Player 2:
22
5
47
31
33
16
24
50
15
38
2
11
6
41
35
27
44
14
12
28
19
21
30
8
23

Player 1:
30
16
12
39
29
20
27
31
32
9
22
40
4
25
47
50
24
42
48
1
6
28
37
45
7

Player 2:
26
41
11
2
19
34
13
10
18
15
8
44
35
33
17
43
21
14
49
46
3
5
38
36
23

Player 1:
40
34
4
19
43
32
35
16
13
8
10
41
5
22
48
30
15
21
37
49
45
25
11
20
24

Player 2:
46
1
6
2
17
12
33
42
23
36
38
26
18
3
50
28
9
47
27
29
44
39
31
7
14

Player 1:
13
36
43
47
12
14
27
22
5
3
19
32
42
6
15
39
26
49
7
45
46
38
25
28
30

Player 2:
40
18
41
10
4
20
24
33
31
29
34
23
37
16
1
9
50
48
11
44
2
21
35
8
17

Player 1:
44
9
7
16
22
20
37
23
26
17
4
5
6
41
30
27
43
48
25
12
28
36
8
35
2

Player 2:
33
40
42
24
31
49
34
32
18
10
1
19
15
38
21
39
50
46
11
3
14
45
29
13
47

Player 1:
44
1
17
13
11
50
26
49
8
42
46
25
29
48
34
36
4
7
14
32
43
38
19
28
20

Player 2:
30
5
33
31
40
18
24
22
6
41
37
21
3
35
10
16
23
15
12
9
47
39
27
45
2

Player 1:
15
2
37
26
50
7
41
42
47
5
48
20
36
11
6
33
39
28
8
17
3
44
14
43
12

Player 2:
19
16
30
32
22
21
9
40
1
35
23
25
34
13
49
38
24
10
29
27
18
46
4
45
31

Player 1:
1
26
43
42
14
16
47
33
50
40
4
8
7
18
25
39
27
21
32
36
28
24
46
31
30

Player 2:
15
10
11
35
34
20
48
49
23
6
19
5
44
22
45
41
2
12
17
9
37
13
29
3
38

Player 1:
19
22
21
38
14
25
2
8
4
23
40
17
20
47
11
10
29
49
13
48
9
39
45
1
12

Player 2:
28
6
42
50
44
33
30
31
46
27
36
24
3
15
5
41
34
43
18
32
37
26
16
35
7

Player 1:
27
32
42
45
25
8
36
1
5
46
43
10
19
38
16
17
33
44
26
37
41
30
29
14
47

Player 2:
9
6
39
34
21
31
20
7
40
11
49
2
24
48
12
50
4
35
3
23
28
13
18
22
15

Player 1:
13
5
31
45
22
30
29
3
27
24
35
7
20
4
49
44
32
17
18
42
39
14
46
25
34

Player 2:
2
37
23
1
33
43
8
40
19
36
26
28
48
6
15
41
21
38
11
12
9
10
16
47
50

Player 1:
9
11
44
27
6
10
28
49
17
20
39
24
1
26
47
40
34
33
45
29
46
5
50
8
23

Player 2:
25
16
48
21
2
35
13
42
31
36
18
14
30
4
3
12
41
19
15
37
7
22
32
38
43
