149 10091
88 29 272
61 40 640
112 63 803
60 42 76
62 103 407
65 57 21
120 146 846
15 66 977
65 49 709
96 99 972
72 29 969
92 120 227
70 29 932
148 77 681
108 136 365
1 119 450
95 46 24
96 126 849
56 19 27
82 37 425
1 90 68
148 34 24
128 138 840
144 66 103
10 98 396
109 96 878
1 86 975
62 31 510
3 133 101
86 48 406
101 26 878
107 97 425
113 56 76
79 81 128
76 84 276
57 105 657
138 38 472
59 37 600
3 137 770
59 138 96
15 96 971
51 130 894
134 107 818
14 43 97
140 50 250
82 13 934
38 41 206
1 145 744
19 121 385
106 24 415
5 43 919
9 98 884
73 67 699
93 146 157
38 105 19
36 117 347
96 39 718
122 80 691
32 15 973
64 138 655
111 60 180
131 147 109
70 148 995
25 67 599
88 147 832
35 94 564
72 56 441
106 117 826
128 84 179
122 121 868
23 129 604
68 65 187
52 58 37
133 106 555
1 102 21
99 24 688
54 138 965
101 2 514
65 22 476
68 134 110
9 146 624
48 88 471
8 130 707
83 148 478
95 108 97
52 31 480
51 98 464
107 29 859
115 135 107
48 54 528
3 104 782
27 147 251
67 63 500
82 121 888
146 22 463
114 97 978
136 121 853
102 140 842
5 57 292
30 38 132
48 78 404
54 123 389
121 32 441
142 90 754
91 127 331
114 135 183
125 54 790
52 127 572
86 99 500
71 147 544
20 103 137
132 84 361
64 72 921
93 29 665
78 37 217
20 142 587
62 24 544
77 35 813
12 126 158
7 148 708
101 22 775
14 118 36
82 148 409
122 55 102
69 37 751
105 50 762
2 43 466
133 46 147
79 4 320
3 37 685
122 42 306
63 86 300
145 101 950
68 58 436
129 5 34
133 135 834
110 148 759
120 137 475
113 51 131
130 94 124
24 125 861
139 37 594
139 83 778
42 38 991
69 46 145
121 72 580
33 101 558
87 55 542
6 50 661
131 35 364
86 3 904
110 112 975
104 7 253
143 105 848
83 99 567
35 134 95
106 54 190
3 8 642
1 30 540
137 14 503
108 112 406
35 56 924
35 38 611
83 26 213
28 77 228
145 51 641
50 36 192
105 18 653
39 93 246
40 72 83
108 40 476
31 92 277
113 44 128
93 54 355
144 149 257
130 61 972
4 125 444
12 65 173
54 136 525
133 23 495
66 126 123
32 12 89
143 83 698
13 75 810
81 62 883
10 18 943
111 124 621
136 86 809
84 116 121
45 138 614
41 89 33
78 48 809
64 60 822
77 48 262
25 61 904
149 100 162
82 52 145
87 139 499
108 65 384
6 16 499
77 138 446
95 68 443
111 44 686
101 10 838
24 72 66
104 29 853
66 48 980
20 7 283
76 116 434
55 12 744
133 147 50
32 41 848
114 89 160
127 64 794
47 141 719
35 57 234
108 89 745
22 83 45
19 31 959
46 125 820
94 31 624
148 133 667
149 144 566
111 110 641
123 61 754
98 125 498
50 71 483
109 14 915
121 82 664
6 46 417
101 30 49
75 34 564
137 28 862
137 76 93
19 124 431
89 111 303
4 113 223
101 125 497
39 136 878
95 123 868
102 112 814
112 144 446
5 133 95
137 115 512
48 141 120
135 39 549
29 14 152
28 139 5
37 129 63
142 106 733
34 142 530
45 38 574
43 31 193
106 68 303
85 125 686
51 83 692
61 100 449
25 65 520
11 31 8
86 47 561
89 57 871
10 40 407
133 51 320
149 88 178
67 33 642
59 5 958
106 40 371
4 121 827
33 40 661
38 74 668
134 141 930
12 53 550
129 109 201
25 114 82
17 102 314
113 65 650
56 65 39
49 54 588
50 105 890
84 64 375
99 31 820
117 83 145
4 102 819
5 111 317
49 138 756
139 70 350
127 8 558
55 39 293
61 89 550
3 17 374
117 71 219
50 39 485
33 89 511
83 42 247
132 122 627
20 110 709
88 127 333
81 30 354
116 102 192
56 42 408
41 62 538
118 83 710
109 139 40
88 2 881
103 117 564
145 70 893
45 23 308
141 97 488
125 30 835
116 13 774
97 78 54
134 44 523
144 139 549
17 135 299
122 103 80
100 7 318
106 71 925
64 49 728
62 33 868
123 53 396
17 63 530
130 5 156
54 45 15
54 110 142
66 142 674
134 148 77
116 4 442
92 103 889
118 97 220
25 99 797
31 67 49
112 34 530
149 31 726
80 9 896
66 73 805
93 62 170
51 104 198
75 57 876
31 81 900
52 13 881
147 142 580
6 51 699
137 58 507
145 5 813
11 89 323
138 119 349
79 117 521
109 10 25
36 79 617
92 113 178
73 127 472
20 85 975
48 144 313
43 104 598
50 66 313
91 33 166
29 19 671
140 82 569
114 141 725
96 60 960
60 74 58
107 106 948
114 87 202
5 58 485
148 8 260
120 13 804
45 20 581
41 120 424
132 95 452
39 57 265
113 95 376
100 58 415
100 144 255
136 110 137
83 90 535
27 122 751
81 83 756
112 113 392
54 85 545
85 63 139
85 86 544
140 49 578
145 21 83
40 35 942
128 108 258
82 27 827
120 36 378
141 11 791
82 104 433
77 58 893
77 32 569
88 51 790
27 51 752
126 49 124
78 67 33
26 36 169
83 9 212
133 45 452
55 29 108
95 65 559
51 126 377
60 8 25
79 37 947
84 2 613
17 82 885
24 146 342
132 89 419
58 139 495
140 23 290
116 50 937
149 54 536
40 36 931
81 9 78
12 34 1
71 66 422
35 138 245
144 28 852
30 2 274
71 149 22
42 2 569
141 114 749
82 36 404
14 20 902
55 93 120
146 34 790
62 108 927
110 76 728
123 96 802
94 86 571
139 86 309
75 144 18
8 85 269
101 108 397
69 43 492
63 43 740
36 41 182
66 92 805
139 96 170
116 21 640
56 71 806
55 116 598
70 130 368
99 127 744
56 86 370
126 124 214
90 108 352
107 35 826
2 107 740
96 136 842
130 114 962
28 51 215
4 107 100
53 136 743
92 41 690
75 36 623
82 48 960
114 20 84
135 27 632
18 94 608
25 41 710
116 146 294
32 108 16
63 97 127
27 110 723
114 84 120
126 117 17
13 134 475
126 43 352
96 101 302
65 129 534
55 69 694
99 49 174
121 114 675
115 120 713
60 31 285
36 89 163
65 87 702
23 104 434
116 59 259
111 116 791
81 114 233
28 78 826
2 122 924
63 45 582
3 55 329
131 90 190
123 141 140
49 56 770
68 122 360
12 108 95
115 39 112
5 115 224
60 36 103
135 43 738
84 127 997
140 35 963
100 116 939
103 51 682
91 27 947
62 21 473
14 145 769
128 100 787
71 132 394
97 127 264
16 56 365
95 97 587
27 97 30
47 45 311
19 88 268
71 138 359
107 68 525
33 116 836
120 142 441
8 46 284
42 105 744
105 14 818
90 48 753
120 110 700
88 97 3
123 48 402
80 146 188
149 41 694
118 90 476
2 40 342
116 69 416
141 101 106
10 35 494
90 78 440
15 9 851
99 85 717
99 19 707
87 107 81
51 145 766
110 118 606
130 144 349
147 94 799
15 88 192
125 82 770
115 51 507
76 103 866
31 99 274
20 56 244
20 2 782
79 115 620
62 44 854
40 131 104
126 145 466
45 125 792
40 49 909
125 64 374
55 117 168
19 14 630
98 143 565
87 115 389
58 45 608
54 144 762
49 87 145
146 74 217
75 91 959
69 105 2
53 73 386
20 100 535
22 146 413
78 75 846
25 148 332
85 75 561
24 74 489
128 87 54
62 81 603
43 45 721
4 108 962
10 82 449
124 6 674
99 110 251
37 74 234
94 136 589
58 61 497
74 41 229
63 12 374
58 12 518
99 107 41
92 44 678
144 124 556
48 49 377
142 50 615
68 13 115
7 30 562
23 102 85
68 143 165
56 81 732
23 60 879
95 38 489
61 39 883
20 5 212
99 11 627
89 28 572
30 55 199
15 113 725
120 8 745
36 132 663
14 86 518
103 148 676
17 3 242
10 95 33
55 94 134
45 3 954
38 5 221
1 3 680
67 39 824
101 79 120
142 103 67
128 18 911
127 22 50
138 123 925
8 144 680
97 87 646
80 50 191
140 147 110
18 30 135
91 72 983
48 131 697
88 113 969
118 34 195
116 90 302
42 15 535
129 135 310
105 69 531
106 143 564
98 30 826
8 43 242
20 146 645
130 13 728
132 87 904
141 135 80
18 11 537
127 45 529
44 117 82
51 26 916
19 65 264
37 82 98
16 54 758
70 58 967
87 83 879
102 44 969
96 85 697
119 85 51
131 10 800
137 21 385
7 56 139
146 46 66
61 15 206
61 35 257
114 61 741
103 140 736
144 69 675
69 59 88
129 30 549
81 16 825
110 2 253
3 132 724
18 19 684
44 89 915
85 139 290
8 84 832
135 129 663
9 16 895
123 128 2
54 42 709
28 14 458
88 110 145
118 129 180
85 47 200
125 126 927
61 7 305
143 62 847
8 18 719
93 117 952
26 18 188
61 11 402
88 57 26
16 109 592
4 28 809
29 84 118
15 78 937
14 31 830
49 103 154
121 117 245
74 61 756
104 82 408
35 9 295
46 48 701
110 32 665
141 63 175
22 149 369
108 42 821
103 142 77
69 70 175
31 45 423
21 70 147
142 12 899
114 25 119
89 11 606
47 140 262
89 139 456
144 135 537
79 105 744
29 12 355
136 128 942
138 4 294
30 58 493
87 46 735
92 4 872
42 28 758
25 58 974
127 118 884
99 23 847
37 135 925
127 62 925
17 47 777
82 31 901
99 70 907
65 122 334
40 4 689
108 127 380
34 105 309
137 80 204
70 83 213
73 59 156
14 42 851
109 75 552
19 67 317
46 118 793
23 79 444
11 72 926
120 145 126
73 51 146
3 66 188
77 11 350
14 30 520
8 86 417
110 139 931
113 145 538
88 95 527
101 11 285
106 140 846
148 31 48
24 135 969
126 114 43
31 71 676
137 13 210
95 21 553
89 36 484
34 53 5
43 40 698
148 17 288
117 48 245
126 75 805
29 36 364
3 135 725
24 55 743
148 67 807
146 137 355
66 37 790
37 98 859
87 7 56
8 113 793
14 10 462
97 107 575
139 42 690
108 45 635
40 84 280
39 143 464
52 90 666
141 57 212
119 81 987
78 21 181
24 49 901
106 110 573
109 34 134
146 102 518
76 63 310
141 149 222
121 36 791
70 42 129
58 44 832
36 45 609
11 70 925
32 103 333
93 115 11
79 30 778
50 19 356
147 44 974
67 106 557
80 40 54
65 93 631
47 91 641
116 119 472
24 109 495
75 38 973
137 140 341
7 124 119
24 57 523
16 35 664
109 44 39
34 97 191
56 2 488
61 142 634
44 82 844
98 2 164
108 47 742
121 90 246
43 16 697
36 7 106
6 62 66
78 22 498
84 33 228
136 57 829
140 16 565
141 27 911
138 43 754
104 66 573
63 19 381
3 49 893
106 119 530
63 1 612
7 45 422
78 94 644
72 46 37
39 74 172
68 144 740
42 62 984
132 144 310
138 81 744
105 112 752
35 53 174
28 9 383
19 108 688
13 40 130
14 116 796
85 78 834
69 38 884
4 98 510
25 135 7
71 124 151
41 91 102
8 76 54
134 113 859
117 77 934
133 43 23
53 51 258
105 81 51
119 37 350
147 74 885
105 72 379
38 124 375
127 44 262
40 47 269
31 22 355
7 70 623
81 55 507
136 52 973
46 23 949
131 69 260
7 130 761
100 95 96
73 55 241
113 91 886
87 1 617
123 22 214
142 52 829
13 76 844
121 9 997
66 130 588
149 52 860
67 60 783
126 78 750
56 55 919
74 26 522
141 78 699
142 15 230
123 126 861
115 4 48
54 22 776
70 141 368
101 112 787
125 98 75
147 134 171
129 58 32
133 58 975
148 38 533
103 89 142
138 21 480
85 18 333
53 83 973
149 145 464
124 109 302
85 130 217
12 3 109
108 74 121
42 145 359
19 22 219
123 133 289
84 126 647
99 115 416
6 145 453
31 84 914
144 110 245
104 9 995
76 100 810
66 97 436
78 70 387
69 4 218
94 75 244
123 121 856
55 145 605
33 74 744
129 48 908
120 129 820
30 80 160
72 16 310
75 30 545
122 43 494
38 107 658
34 133 153
13 4 490
124 60 703
130 81 319
76 25 105
57 42 832
128 135 851
39 7 486
56 83 802
63 119 775
30 136 409
81 135 658
90 102 820
110 131 317
93 68 484
112 51 206
57 17 56
50 87 753
81 43 834
25 39 988
40 143 58
7 134 486
137 9 141
1 81 533
87 4 240
15 20 809
67 14 579
46 98 73
21 117 949
114 78 941
140 120 743
83 93 577
118 78 696
100 141 827
81 82 766
139 98 640
50 35 993
38 103 620
104 130 558
54 116 331
15 53 915
27 20 627
87 136 734
25 88 230
23 119 723
42 106 925
4 126 967
109 78 94
32 54 595
33 144 642
71 42 278
13 18 985
132 98 556
39 96 166
74 130 865
57 111 64
128 141 563
133 100 460
98 11 836
6 24 737
138 39 916
122 143 993
72 82 401
35 80 291
56 123 477
84 68 895
34 10 29
106 80 411
105 65 664
129 70 830
13 136 578
99 33 490
115 113 90
8 116 928
86 128 196
14 24 635
84 147 875
114 103 343
79 103 863
104 120 628
57 109 240
93 134 768
145 89 944
49 127 11
53 81 183
145 140 645
145 67 346
20 91 896
62 92 37
38 114 509
143 6 700
106 122 6
79 12 975
5 31 542
76 107 411
83 41 659
6 35 60
116 81 92
104 87 28
36 147 548
72 43 958
120 4 193
42 149 972
63 57 286
3 113 79
78 71 525
55 79 528
77 107 765
48 2 578
68 25 414
58 77 109
127 145 122
32 107 570
33 104 240
64 31 799
48 45 90
88 100 145
146 85 987
59 145 418
89 22 76
45 33 205
149 90 769
91 36 239
79 71 554
4 31 248
120 123 659
145 84 224
120 111 917
64 95 627
47 79 303
148 13 710
47 104 106
64 145 915
108 69 79
38 125 270
133 33 358
19 118 15
41 121 259
108 22 18
122 115 267
3 93 497
97 48 526
24 20 472
75 122 220
54 12 404
114 54 855
12 119 313
8 35 60
61 17 880
75 21 401
118 100 923
131 38 590
138 5 177
121 37 42
10 114 72
70 32 888
64 136 640
99 18 441
135 142 84
6 61 796
85 73 564
114 80 248
78 105 221
138 112 398
35 114 561
100 128 29
106 6 391
52 103 296
87 113 97
34 5 109
118 103 952
4 94 677
37 108 102
132 60 654
94 142 394
82 137 600
39 100 992
136 46 275
149 76 204
113 13 877
26 82 863
9 65 717
136 28 593
97 92 830
96 130 389
89 128 407
145 135 294
105 121 391
60 59 50
137 110 665
113 40 155
111 59 467
23 9 657
11 8 799
31 4 731
7 84 216
90 66 303
63 46 539
103 136 159
99 36 677
99 12 819
44 109 286
125 60 544
103 145 495
101 83 324
76 143 630
72 90 666
149 142 576
36 37 205
56 145 443
86 78 965
48 130 223
29 20 803
55 107 41
146 94 348
54 84 225
30 73 626
77 116 771
84 30 418
29 38 790
71 135 775
142 57 592
1 118 189
80 70 129
105 21 178
56 62 592
68 89 110
29 116 612
82 90 871
106 139 45
104 37 151
13 17 601
100 133 470
128 148 522
70 10 462
36 84 658
86 123 685
70 51 730
102 100 105
53 39 988
117 104 179
101 61 617
113 33 785
63 42 698
20 33 42
50 112 932
83 127 420
37 123 941
134 109 845
82 61 988
121 35 916
53 31 908
145 57 576
134 144 568
135 97 705
7 107 583
61 116 687
117 46 365
71 56 316
3 76 565
149 130 591
109 90 819
2 15 261
43 49 475
53 49 67
67 29 608
67 119 743
123 25 943
102 145 167
102 91 923
113 124 946
133 72 967
112 29 217
50 59 606
2 100 479
20 101 201
120 121 580
135 26 230
88 140 419
29 127 888
131 104 515
29 17 695
149 67 778
131 95 866
46 143 962
48 110 557
16 26 494
7 22 836
4 44 862
113 82 841
35 2 345
34 71 645
105 27 833
11 117 116
72 22 931
6 142 345
89 66 310
141 129 941
73 80 533
14 104 555
107 18 119
10 34 342
106 135 171
12 4 122
54 91 438
101 96 679
65 127 462
50 33 125
40 24 597
13 21 412
39 18 249
135 49 18
38 8 156
11 47 76
13 99 862
104 74 602
125 113 848
135 21 606
120 144 671
134 75 297
148 84 19
136 74 381
78 142 561
16 144 440
143 42 924
22 46 810
108 139 302
128 116 242
143 122 312
82 127 396
26 145 385
145 129 411
52 56 319
5 108 644
131 9 749
53 11 293
50 120 677
32 109 667
42 108 150
26 123 254
76 49 198
91 140 586
59 115 46
3 18 353
52 2 681
73 108 191
51 27 288
146 127 306
127 65 768
124 117 127
71 136 880
140 19 924
141 147 925
27 105 586
25 126 187
42 127 21
48 147 118
139 121 981
129 137 470
91 34 494
85 55 526
63 60 711
26 20 965
46 73 72
105 116 541
78 15 20
138 7 416
135 17 961
31 12 968
56 89 693
124 33 812
144 127 907
120 139 831
15 125 504
11 83 135
43 136 540
129 131 598
142 32 713
109 62 774
40 28 116
134 39 450
64 141 108
61 97 928
134 68 325
32 30 652
110 53 746
134 97 753
12 48 753
148 115 948
52 138 710
43 54 403
55 5 169
60 56 675
54 49 684
128 93 925
9 92 93
134 81 740
126 113 513
106 36 928
145 76 333
73 77 114
86 148 8
42 97 510
114 29 662
95 121 880
85 120 457
76 1 491
113 9 770
11 67 585
100 69 496
111 14 897
104 70 130
143 90 393
110 108 214
25 42 893
65 27 329
13 141 492
35 77 519
139 10 258
130 64 903
94 47 449
13 80 403
128 88 21
76 125 551
84 11 313
20 86 18
95 76 807
64 148 185
110 59 193
60 61 621
139 110 863
114 32 265
120 133 208
112 27 819
26 139 160
45 1 917
97 81 568
51 50 446
102 79 664
56 138 825
40 42 464
135 70 51
34 35 727
137 56 307
35 12 367
140 123 597
132 30 53
60 86 349
76 33 33
73 33 301
148 116 706
90 101 606
103 134 312
23 66 781
22 118 316
96 43 484
137 66 158
133 34 653
98 137 365
25 116 567
104 64 475
119 57 222
17 109 379
77 34 565
70 62 863
85 44 821
79 110 359
24 40 146
14 84 232
65 124 500
119 5 284
34 2 142
46 117 529
33 108 84
125 31 488
77 80 604
22 122 563
31 111 607
139 15 69
109 123 796
129 56 935
141 139 638
36 14 725
69 87 965
89 82 188
43 97 159
137 102 517
98 146 876
19 146 844
11 80 576
46 3 557
67 62 750
147 8 134
87 18 814
91 68 315
142 99 845
62 47 765
41 16 759
8 98 374
96 64 465
20 76 713
31 89 973
4 78 129
25 18 446
80 35 599
1 147 69
6 75 750
22 13 985
75 105 467
3 40 730
96 121 358
123 101 826
71 111 984
46 110 59
45 82 237
148 46 828
68 34 61
92 36 950
121 11 60
97 105 402
65 90 873
9 57 355
8 33 106
113 6 741
19 142 582
18 142 931
62 65 482
73 46 167
71 94 71
113 128 404
99 88 83
6 134 121
52 122 969
71 22 358
74 59 949
56 124 754
81 41 729
12 40 566
20 39 94
146 129 933
104 25 604
44 142 734
29 89 325
54 24 876
86 38 196
56 49 395
19 92 839
45 54 217
25 103 284
114 113 710
97 134 499
2 31 47
128 140 799
19 20 467
119 149 573
122 139 952
33 1 66
141 104 254
130 12 207
67 143 737
55 75 606
30 108 394
30 119 370
82 141 207
79 123 986
52 37 667
74 36 253
62 7 225
123 13 400
29 40 213
93 41 737
115 143 323
81 2 977
26 143 311
80 58 781
139 138 333
141 111 862
147 36 565
119 30 960
18 117 927
44 25 2
53 71 613
131 47 456
56 94 163
13 137 89
121 149 210
3 22 124
146 70 787
126 72 314
132 110 173
47 60 638
119 148 730
137 61 446
5 98 607
39 91 940
38 115 510
105 104 936
60 120 797
45 100 341
81 100 459
49 84 690
123 106 979
101 78 439
113 72 289
3 128 994
85 46 450
149 117 637
82 14 230
6 21 64
144 132 270
37 6 409
3 56 425
99 3 247
8 29 258
97 45 577
124 91 615
2 68 421
36 127 10
117 17 649
107 57 42
144 70 911
81 15 980
56 33 418
23 44 319
99 91 372
141 127 877
149 34 909
12 96 163
118 139 382
88 68 791
87 66 865
26 45 417
56 134 52
147 63 608
130 55 12
84 117 114
124 81 627
65 25 424
27 146 965
149 22 146
121 17 64
19 149 946
37 131 379
84 82 359
102 38 145
17 139 199
118 32 648
93 2 501
37 77 92
32 111 873
92 38 757
1 57 557
94 8 629
149 3 633
89 75 110
51 17 762
106 144 343
108 52 975
3 46 127
41 54 917
98 145 680
114 39 703
131 26 248
45 50 752
4 105 781
100 146 981
76 149 968
140 56 609
124 130 516
123 20 124
52 77 79
105 7 240
100 101 404
20 77 942
38 77 9
10 46 747
81 148 465
72 20 660
59 39 466
9 117 763
117 89 896
54 122 116
27 53 971
121 31 315
55 98 963
89 108 76
72 98 135
66 118 664
32 74 993
90 123 750
101 50 642
138 62 297
99 124 357
135 105 175
72 61 614
37 79 431
43 6 983
102 65 196
124 78 191
44 132 822
123 28 901
29 95 976
114 60 921
86 140 36
26 62 527
115 121 381
98 50 855
48 134 342
130 21 193
48 5 903
25 122 63
93 147 589
56 51 721
77 62 214
105 77 991
146 121 867
115 66 672
111 3 561
8 64 418
88 112 384
28 21 296
85 95 620
69 92 191
142 20 885
143 126 604
76 16 97
134 104 339
110 15 679
123 88 586
83 32 551
24 140 197
24 54 444
56 48 879
97 96 275
7 51 109
25 8 800
80 6 291
70 73 917
99 135 458
88 25 575
15 119 580
9 79 238
147 48 914
14 98 999
68 97 878
119 80 399
146 55 170
106 111 33
62 99 287
89 119 241
30 47 496
107 118 261
87 12 901
123 140 311
64 40 339
75 7 608
36 140 239
83 97 10
124 119 858
50 132 897
50 91 778
144 90 798
37 117 488
63 73 781
84 3 527
79 23 943
71 1 567
92 135 581
124 37 991
75 141 265
2 91 391
85 53 895
101 38 894
91 71 987
43 13 526
142 44 827
92 105 215
118 17 332
32 50 46
13 92 813
134 120 198
44 23 196
76 104 552
121 45 545
16 105 222
136 64 9
142 6 381
46 84 157
30 27 272
37 29 881
49 50 144
92 1 255
21 125 969
122 90 859
91 11 813
109 131 776
146 111 43
148 104 809
35 26 737
62 146 790
12 92 146
140 107 967
125 27 88
140 131 653
115 112 587
73 132 437
146 71 387
124 146 253
26 10 574
69 19 87
4 35 992
124 149 419
10 122 753
79 54 241
106 19 933
126 90 588
66 79 971
142 104 373
60 3 930
65 106 599
96 53 31
54 111 894
13 3 599
15 24 347
21 77 552
110 37 418
131 75 820
32 58 757
122 74 36
87 14 331
110 91 645
135 64 40
16 13 943
89 2 317
60 11 168
22 147 830
41 125 981
108 110 856
29 88 357
8 117 151
79 40 273
144 14 199
28 142 883
69 86 318
95 94 169
99 118 975
119 14 626
103 69 549
133 48 772
131 99 593
23 111 378
104 95 153
47 72 933
11 20 749
130 31 86
61 143 676
138 41 90
16 22 120
79 44 353
6 31 171
76 8 939
90 124 104
72 129 612
50 68 550
42 24 935
34 110 981
76 97 439
112 3 83
92 60 158
13 142 813
134 69 552
16 5 870
93 69 323
23 99 361
63 27 132
146 30 581
85 96 863
139 134 910
5 143 284
32 88 840
112 15 232
52 53 106
146 115 75
127 99 787
26 119 879
61 75 844
120 60 626
119 140 876
110 97 867
138 58 507
23 149 616
13 97 970
78 60 409
63 58 843
42 52 950
64 14 11
23 134 596
147 116 143
74 114 905
52 70 429
105 5 416
6 54 371
101 20 753
54 66 789
23 80 431
73 81 611
8 127 599
114 108 535
145 95 506
126 123 998
120 135 60
80 121 655
141 3 80
129 119 236
4 103 912
20 29 988
98 110 959
96 129 402
61 14 4
54 32 777
35 126 500
88 131 555
130 74 435
90 11 115
105 107 259
88 101 350
109 129 166
82 134 628
40 89 665
85 98 594
59 99 619
48 106 770
95 126 929
118 5 966
45 143 8
34 108 9
43 113 906
70 79 94
2 112 925
107 66 693
149 47 719
149 120 978
41 112 630
14 76 774
80 31 670
12 27 424
143 21 317
127 70 163
74 71 211
136 61 352
40 145 298
33 19 134
76 30 696
100 29 483
67 58 463
101 80 172
93 67 967
9 63 398
80 128 343
19 21 179
51 34 896
119 68 159
65 147 443
133 125 901
8 14 605
71 128 761
112 75 527
98 88 137
88 50 617
121 53 173
10 120 477
112 50 762
13 108 669
124 98 187
76 39 972
2 111 983
66 12 439
22 49 893
106 132 302
14 46 975
15 114 89
32 130 681
108 61 205
2 20 349
110 40 432
118 28 29
55 62 82
58 81 761
3 99 640
136 131 901
78 108 789
128 61 853
124 17 218
76 68 180
112 16 63
125 24 342
109 142 381
67 59 268
53 91 63
70 68 907
62 39 425
55 34 131
123 114 826
112 141 783
27 21 976
4 148 705
6 116 603
52 17 615
137 109 108
79 118 243
86 68 379
143 95 217
93 124 383
27 13 511
135 63 807
35 110 595
37 21 96
92 14 31
47 137 155
88 118 500
30 26 213
20 147 304
82 24 650
66 144 521
12 120 573
130 30 929
65 121 333
25 5 736
104 144 625
120 90 414
21 148 926
70 22 493
7 106 954
111 52 143
118 49 18
126 55 82
107 145 377
57 79 512
56 111 906
58 73 713
39 115 297
99 120 261
103 16 107
94 145 345
50 88 853
102 141 255
87 93 648
126 109 482
109 37 664
34 91 870
46 25 41
95 9 764
128 12 361
104 46 879
16 78 592
120 68 8
119 56 288
109 64 532
125 144 423
86 115 733
137 24 564
90 87 839
124 101 147
139 40 56
61 132 182
41 49 938
30 56 869
118 57 285
57 48 648
46 74 167
21 127 957
56 97 317
110 74 377
131 50 200
45 70 373
130 70 903
41 139 886
100 89 803
128 42 476
20 127 50
6 36 717
111 112 233
18 135 319
30 145 647
89 65 433
104 2 21
45 67 671
40 115 429
64 131 867
68 64 466
47 102 491
31 98 913
80 57 858
50 17 561
27 101 592
82 6 310
37 121 611
24 100 991
22 55 691
126 121 408
98 77 831
136 1 321
9 121 960
49 22 460
18 124 291
132 62 159
123 18 359
134 114 648
14 3 889
54 129 193
136 124 785
3 138 369
79 22 934
23 14 673
142 116 898
61 10 854
8 67 357
47 123 195
139 55 973
106 95 737
85 122 206
40 144 114
127 2 351
44 114 454
26 24 613
134 49 214
83 143 886
107 59 948
105 135 325
36 145 396
141 98 558
51 42 549
133 38 913
147 123 664
149 147 796
23 58 329
61 93 382
13 113 286
110 52 83
119 130 735
79 3 820
58 118 108
105 33 410
49 98 54
38 148 803
16 122 237
94 12 198
58 5 39
134 56 389
40 98 174
149 140 385
120 74 401
57 140 704
21 80 852
104 19 31
147 99 581
115 74 760
36 67 919
78 91 44
5 81 810
56 47 573
55 131 824
149 53 378
149 79 93
5 52 765
16 87 625
21 81 72
71 143 445
32 46 15
119 125 148
40 116 720
67 95 501
68 92 191
68 49 911
27 112 397
120 24 671
133 134 100
87 106 721
70 65 390
26 12 860
17 32 132
149 80 401
9 123 256
111 102 637
16 82 601
38 118 138
60 135 50
25 85 501
54 108 422
34 49 552
30 63 261
139 36 475
32 98 624
132 23 335
146 124 382
28 97 604
82 2 965
72 125 569
83 117 826
132 43 343
136 65 642
105 16 540
41 128 11
23 25 528
122 146 404
21 66 454
51 80 689
43 53 70
67 73 614
137 116 260
134 131 471
95 4 163
19 15 832
114 76 532
20 22 533
69 2 608
127 141 819
17 147 159
76 50 464
33 96 581
148 120 336
120 88 920
3 14 972
16 42 785
11 133 711
86 52 201
20 82 426
47 76 218
91 106 165
12 103 270
144 53 764
109 7 916
9 42 509
87 119 858
79 1 733
85 103 10
104 129 92
62 45 15
117 81 215
30 71 107
40 52 599
142 75 623
19 56 442
136 92 353
125 18 40
74 32 662
12 107 630
118 31 871
16 143 955
19 37 188
126 64 971
127 81 539
24 48 994
79 18 124
70 11 607
62 138 403
7 95 387
63 62 580
28 113 210
45 122 26
78 144 645
42 29 519
126 131 524
1 136 226
139 30 790
67 101 179
91 103 959
131 139 928
17 87 807
135 112 44
104 65 445
48 86 345
126 89 151
36 138 68
142 95 439
68 79 162
137 72 613
87 131 371
73 116 352
146 65 183
13 128 663
88 6 150
133 67 298
76 124 760
38 136 629
65 136 982
86 116 566
93 89 950
123 7 183
122 124 746
77 12 102
19 45 530
19 40 532
98 95 943
147 56 376
46 72 196
89 83 496
108 30 116
87 56 684
102 7 55
103 70 740
73 72 150
66 148 433
94 76 128
1 20 133
75 99 192
93 16 333
37 62 468
80 84 62
95 83 400
32 76 871
134 1 944
57 80 36
40 135 346
101 40 252
21 53 298
101 52 960
34 75 33
88 54 289
18 88 296
129 67 563
149 48 636
128 51 651
58 129 570
32 92 682
51 20 24
51 105 244
83 95 170
92 144 13
29 24 45
56 103 973
140 65 193
68 9 635
127 135 279
111 130 364
68 15 582
30 112 762
63 32 680
66 89 755
89 10 330
124 107 701
107 19 971
52 123 299
15 60 767
130 116 353
27 33 53
105 2 548
74 8 933
31 50 696
65 91 253
6 115 892
31 146 890
53 29 989
7 129 593
84 42 725
146 44 122
47 100 614
33 51 296
32 56 218
49 116 556
125 32 86
63 2 691
77 14 880
116 104 845
134 64 935
100 61 488
35 63 988
64 116 833
107 89 571
90 107 924
55 83 728
90 68 644
126 25 907
89 3 321
117 96 242
43 137 559
138 40 127
15 116 496
144 26 630
102 89 201
8 24 940
39 95 222
36 94 980
74 89 784
60 100 83
30 15 163
128 24 637
54 16 452
123 82 607
92 108 780
51 89 176
78 2 647
5 18 791
143 71 199
45 59 834
49 112 287
54 102 791
42 122 364
17 141 567
81 123 742
107 5 664
124 54 482
144 5 770
32 114 668
98 19 627
138 51 7
6 29 834
29 80 991
30 36 205
90 23 680
123 24 539
100 25 391
7 10 973
145 55 696
17 74 302
97 90 4
120 102 617
2 118 586
136 109 976
90 47 255
90 95 330
91 118 385
131 103 301
51 102 200
142 118 213
149 40 513
67 30 516
113 132 560
108 130 330
51 96 372
128 117 593
100 115 514
59 21 785
10 36 33
96 110 189
132 135 478
11 145 246
128 10 719
143 85 902
49 137 406
86 72 799
139 20 505
66 127 916
87 117 56
62 83 744
105 96 610
20 139 434
63 14 130
3 63 734
1 17 947
78 102 513
42 128 179
113 149 584
32 94 990
118 96 566
147 86 183
149 71 894
5 30 548
109 47 153
73 1 842
115 93 823
2 101 198
85 142 53
110 16 190
135 133 319
106 134 22
70 13 615
12 61 485
129 35 853
114 14 18
102 42 299
33 9 964
146 96 207
147 111 74
86 54 875
120 14 939
16 58 135
43 105 656
142 112 661
107 54 215
117 6 38
129 90 927
35 27 93
140 137 998
37 39 151
60 96 761
147 103 991
16 129 998
52 101 83
29 91 346
118 147 132
141 34 229
30 9 178
135 16 665
3 59 647
126 10 688
135 22 555
69 45 879
77 141 193
124 10 807
54 140 664
2 113 111
34 25 823
65 148 906
20 73 192
44 128 886
69 138 741
23 29 246