50
1608 1337 1923 350 1948 1699 1366 23 1141 1638 328 2127 633 1003 992 920 1829 931 2122 786 571 805 1852 2353 1801 1394 1126 1057 899 737 1830 1617 1304 2434 1754 2232 1441 2055 1383 956 1521 94 1054 989 146 181 2106 1682 1955 1593
922 218 429 1442 271 983 375 1109 1987 212 2029 1641 1403 760 120 445 1585 2144 219 1793 606 630 1712 2078 776 1019 1611 824 2220 2048 73 683 467 89 1657 1218 394 2025 354 1107 966 109 2192 1882 1930 2329 2376 439 1246 197
2112 2126 2288 948 169 2024 996 949 2027 1562 549 785 473 2222 2347 1922 195 121 2165 2313 1510 2385 2203 395 576 74 1674 1173 750 1355 1296 1730 2210 2355 1349 2140 460 279 2058 1330 297 640 1956 993 1023 1710 2240 1574 1493 878
413 1324 754 428 1978 1358 1746 257 2335 1862 262 1921 337 1012 2066 448 1906 780 355 1598 1725 1239 95 63 1867 1943 2139 517 1879 83 1902 586 1154 353 2145 2102 587 1572 863 802 1581 1302 2320 1139 427 224 135 2352 857 1692
1204 1264 1935 2236 316 2275 1021 1114 867 299 416 314 2273 199 1183 405 2388 406 727 1764 1563 47 347 961 211 2274 2103 2416 1533 286 528 987 850 320 289 364 1621 75 1671 873 2337 836 2317 511 239 2211 1890 853 1086 1142
246 130 1552 1267 2114 1025 788 816 2345 2406 2401 988 1738 1199 2474 1297 1543 2227 1396 1409 1967 466 2035 2277 1061 589 1601 1007 108 1993 1306 1909 736 2188 222 1901 99 180 2141 1323 704 2169 1041 15 2155 1631 2085 2371 1612 1492
1331 1990 1078 2012 1158 194 488 2413 2138 451 2004 1212 1215 1736 1047 541 1443 1365 580 1531 1405 2113 1094 1635 493 2023 2362 909 1535 57 784 1649 1169 1416 1426 149 2190 629 1000 1083 1150 2267 1954 643 1660 2292 2360 1176 1779 852
1755 1835 1507 1760 370 131 1811 851 2466 1352 1616 357 1804 764 2134 1839 1084 1544 293 114 1705 1005 1848 1843 742 471 2177 2467 1878 1225 2158 82 192 1119 1915 1938 914 207 542 886 933 1305 2042 1573 418 1036 536 1700 590 1151
1379 2487 2328 1824 202 7 248 1192 2019 779 2076 927 200 469 938 2246 1262 62 1982 1249 2486 1828 1810 1931 2251 1488 1351 79 2481 1145 76 1449 739 3 1120 1293 1669 1919 1411 871 2391 1160 735 912 1797 783 974 2033 2459 1624
1663 336 1656 1969 2316 766 533 1118 1489 1240 2264 1108 2363 30 862 1842 446 2230 1511 822 2439 2497 132 40 1606 2059 1444 2429 905 2020 449 2095 553 755 1067 1780 1851 363 1091 758 611 671 1187 204 2307 1821 1697 1917 2007 1555
1720 2142 68 1724 29 1034 1696 70 501 1553 1998 294 1001 582 2415 797 774 1082 1872 1896 620 137 890 1385 1794 1501 1530 628 791 1045 2197 1600 2357 1452 1398 1508 2253 557 1380 173 2477 2249 1690 1595 1363 1972 2009 388 2054 2018
2289 1977 2152 775 1188 2444 619 481 1490 2016 440 1470 1467 2065 144 1778 1846 1474 1813 1465 1718 2305 731 288 1907 1046 1687 51 2064 2482 252 2358 2187 638 1750 1857 498 1459 229 186 729 1369 206 2173 668 2454 635 594 941 477
2166 584 1251 397 1989 110 1410 2306 401 2153 2424 230 893 342 1667 2089 264 269 1214 86 866 1491 778 841 2421 311 1177 285 458 2285 667 2030 177 2120 639 820 634 808 646 340 1610 2225 66 1346 1236 1523 1408 1153 680 2348
2080 849 1550 925 1156 1639 1927 1912 1259 1892 2426 1361 313 1812 1213 578 1592 1189 1792 1299 2216 2183 233 1769 1371 1970 1636 1149 1124 1963 1884 80 2327 42 624 1599 2446 1831 1266 1039 1532 170 2118 1771 1448 828 1899 1242 2256 1640
1389 105 1201 1288 577 270 1591 1980 2384 1685 1391 2135 2491 803 2436 813 244 376 93 1162 2422 898 1223 2389 1295 1551 1283 2333 921 1877 2174 1773 1255 1789 595 67 593 2212 1499 1684 1576 157 2311 697 1630 607 1395 970 2402 958
1256 282 514 518 2464 1210 1418 512 338 1013 554 1216 2099 251 1030 1770 1629 2107 1341 1062 913 1170 1518 2109 1940 555 392 1247 529 907 436 744 2269 1644 2218 4 2304 162 1731 2243 263 187 2299 888 36 489 1726 2224 1871 128
2463 1289 1136 839 2098 1081 1959 670 346 2170 1292 1035 402 2448 539 276 1666 551 1037 1362 14 1301 716 971 153 2476 1200 664 184 1658 1228 684 1949 978 687 2111 781 1303 1528 1237 627 519 1711 1157 1833 2489 2290 2438 234 730
2147 330 917 645 2377 107 2052 1087 1334 1903 2167 650 171 1628 81 2237 2469 242 2068 1513 2159 256 2375 156 2260 1159 232 626 530 39 2104 1068 1475 717 944 163 1333 855 150 614 1607 504 520 2302 2214 1222 1584 1566 399 1433
161 1634 22 24 2046 516 1456 1539 2493 896 2495 2398 2133 515 721 213 773 1588 203 1458 1356 2002 1777 1294 1055 1174 804 124 1676 698 2272 1058 1920 1205 809 570 326 65 2374 1143 792 31 522 421 41 48 801 1263 2044 1652
725 2157 1026 2209 410 985 832 2284 861 1401 266 19 462 158 767 1694 1932 665 1172 2445 480 443 1014 483 479 1783 1415 1168 656 2255 59 133 782 807 2228 1582 358 300 934 2321 1088 168 910 152 1377 2238 2268 1368 1670 796
1875 1148 26 1925 1208 2490 1096 210 1313 2221 924 561 1464 623 2036 523 1203 491 1885 891 868 2000 1548 1832 1589 1027 1929 1665 333 1822 1161 957 503 790 1196 707 1367 1329 1587 1728 1985 1735 1579 1945 1044 2199 1282 2470 655 113
772 34 1466 1918 414 470 1752 1146 324 562 111 1645 825 339 2124 1916 2452 1722 1520 1284 2279 196 44 306 1650 1220 2437 748 2116 2235 2364 312 1615 487 45 2473 814 1817 140 1135 793 1781 165 1133 2075 799 1701 2194 2005 795
794 2070 1914 88 918 1887 1567 1782 884 1994 531 1619 1357 1076 1944 1390 2049 1964 214 1698 208 677 225 685 2281 1849 1478 417 361 2105 715 998 261 1038 538 895 2247 191 2407 1450 826 1194 188 1654 1451 911 2215 2193 690 837
2399 389 2303 1653 2293 172 1837 651 1505 2086 1647 60 2092 304 625 332 352 761 127 1788 1580 2063 1184 1104 459 2312 1767 2468 1841 1996 604 1186 1462 1763 569 1463 475 2051 657 1384 1008 2451 1476 749 712 465 1863 1319 1106 1609
425 1009 510 2213 2031 308 245 666 151 2248 1965 1554 1774 1219 2067 1166 1069 1221 1847 1721 2257 574 1960 1134 558 415 2297 1590 1702 2181 892 709 2090 1911 2196 710 2015 1344 1886 1534 2060 2457 1427 2123 1164 1897 984 126 2418 2301
1182 193 757 1516 1090 2150 1339 201 1050 691 770 259 1904 2405 1241 883 2121 55 718 1974 1981 2040 1290 2205 1445 2435 572 1578 703 1798 1147 2072 1805 1569 290 387 1317 1561 939 566 543 1729 1105 545 686 423 2172 1717 435 615
508 870 815 1123 1414 2242 1747 1028 1672 1227 662 2037 1140 1602 2207 2310 2346 1485 1756 2258 1677 87 2013 321 902 2330 613 296 1776 2359 331 319 1382 1870 1138 663 284 1121 926 5 1360 468 1115 1273 714 678 1198 1328 1586 1381
2443 860 1085 322 2176 2263 1751 240 564 658 1941 2283 2450 1075 69 424 547 573 1002 243 2130 323 602 2428 1033 617 2038 1936 2460 272 592 167 1370 502 182 77 689 1308 535 2282 1868 2276 2001 2266 1060 228 1271 183 1243 1420
1277 371 1457 412 2480 765 454 1748 2250 2392 869 255 334 2356 1006 380 123 1275 2341 1545 1693 1950 2195 1715 2455 1818 1422 1099 178 118 1372 544 215 610 1772 1646 1392 1043 2414 919 960 859 1962 1345 349 1716 2022 1536 2119 1680
1348 2380 1537 254 1620 38 1570 2300 1785 2156 2179 1286 999 159 2252 430 145 734 35 994 275 506 1958 292 457 1986 1525 599 2137 1098 2244 2217 696 1766 1723 20 787 962 490 1468 942 2189 2034 298 309 527 1642 190 724 1768
1407 277 995 1808 1565 975 482 2462 2175 2354 2180 1421 1494 1326 980 608 2219 391 1840 2393 90 1695 1995 2294 1979 384 8 2073 1413 1761 2129 810 1482 647 2440 2404 1347 876 1077 1893 976 881 2386 10 2381 649 954 660 1541 205
940 1966 2291 1709 1845 1230 507 1102 1016 2160 485 21 1568 2456 1883 756 2479 955 12 603 1742 1971 253 447 1517 681 675 500 769 1957 2492 2241 2011 1354 382 943 329 1378 1336 1495 1469 1802 903 1864 583 2308 2366 2338 464 705
901 1042 1816 636 237 1190 1375 2420 1179 991 900 2319 474 1338 1231 1051 659 2314 1855 1063 923 441 2097 874 885 2047 842 1224 378 1092 945 1431 1461 241 1244 713 2201 1524 432 1571 1400 1163 2390 6 478 2154 1827 1626 249 403
2069 139 147 1733 2315 33 106 1865 1307 768 950 2151 2334 2239 301 1207 2332 1560 1664 1991 1233 1260 100 1257 1353 879 600 325 1500 565 2074 1481 1679 1254 1425 1946 1040 2488 310 1951 2010 359 585 1546 494 32 84 1623 1128 1691
1129 834 986 1655 1350 223 835 2062 1758 1287 967 2206 865 1010 2379 1122 932 1111 1059 2132 550 929 1661 112 1276 231 1130 11 1632 1202 348 1342 2431 1455 116 1834 2400 1404 2394 936 695 981 343 1689 2442 1874 1320 1423 648 1332
821 148 307 1402 653 2461 505 2378 78 71 2039 2447 1744 846 1741 1359 1662 1226 1575 2262 1637 722 1675 616 556 1825 426 1191 407 216 381 1737 305 1775 291 2369 1217 260 1900 1673 1285 2322 1869 2200 937 1386 1110 751 2003 1101
2254 2146 1393 198 1052 1926 856 1272 692 1866 2096 2234 2372 450 2026 369 492 972 1011 1898 596 1613 579 845 800 1953 1880 2202 1252 461 50 694 1364 138 18 317 1074 2478 1757 164 1171 2340 827 1113 411 484 2323 759 1112 72
278 1175 2498 472 1065 840 1633 1438 1430 1274 53 160 1604 1514 2032 644 2149 374 1031 101 1471 524 1229 476 61 882 17 777 419 1435 2419 366 552 854 700 953 1152 1888 1577 1022 2087 2245 618 622 1806 1815 2014 1020 1315 2336
2101 2259 1999 1117 1311 368 1713 2339 400 2117 1165 2417 1934 1549 1891 2325 1312 1181 1596 997 166 1479 928 2164 281 1265 117 1681 2295 2331 679 497 367 1434 1018 2094 98 1796 1004 390 563 2163 356 990 1983 1542 1496 1178 2077 674
2409 752 91 1558 185 631 1322 2309 1300 2162 9 456 2270 1155 1325 404 2006 1417 843 1933 2079 880 2496 1185 654 1 396 1095 2233 2403 1268 1079 1439 247 2351 2198 2050 2091 496 1614 1659 1910 1116 897 771 27 733 1859 2412 1803
1070 906 2423 463 844 2161 548 2185 959 268 1556 258 706 1250 1197 838 1707 365 16 1968 236 1291 1504 567 97 2 1753 2226 344 789 2278 1786 1873 129 1024 1557 1749 1905 2427 701 1704 1961 2449 409 637 1895 1412 1648 1453 64
274 1234 1397 1015 2395 1627 1093 1791 598 1643 740 682 968 1314 1374 2411 420 422 283 2061 1100 2008 1594 1509 1618 672 823 1072 1310 831 847 1942 1937 537 1029 141 1547 386 609 1765 122 1800 1132 1238 738 1399 1454 1799 1436 848
49 1270 2131 28 2287 559 642 499 92 1745 273 521 1860 2425 1838 43 1503 2088 1583 1876 833 1732 154 1437 2071 669 1064 1340 676 1976 1740 385 661 1487 798 2171 1419 115 741 398 2383 597 2318 877 2373 1538 335 1137 1784 947
1939 728 1278 2081 1605 125 104 2382 509 513 1686 2108 455 1335 1844 2397 373 969 2204 2084 1388 1975 1809 238 1992 525 265 372 217 951 2143 1032 1066 2370 2043 303 119 345 444 37 2433 453 601 1515 1826 315 102 2184 1850 894
1787 588 1997 1321 1424 2368 408 702 2182 1144 1480 2110 379 935 560 2083 2021 1258 2223 1483 442 889 2365 2367 973 720 1913 1280 2100 1522 1807 2296 1327 1406 673 1248 916 1858 1446 1125 1564 2483 58 526 2178 2494 1856 2298 280 979
1688 2485 327 1071 54 745 1387 887 1049 2499 2458 1512 711 2326 1519 393 1309 1706 267 1861 1103 221 1719 360 1984 693 2045 2350 2056 726 2280 1703 431 534 2342 1211 546 2408 1460 1428 2057 2343 1668 819 2125 1823 2472 1131 318 965
56 632 1924 1318 486 2082 1097 946 1529 1540 174 1708 1447 2465 1486 2324 1180 1209 2115 2128 1743 708 1790 1473 605 699 2271 495 2471 96 762 1526 1167 1625 1373 437 2286 1269 2136 46 134 1429 1651 952 377 747 2344 2265 1376 1853
1080 858 2261 1056 2028 723 1298 85 2387 904 1819 1714 743 621 753 1498 1245 209 1477 2053 1472 2361 1908 155 1089 142 1881 641 908 568 1053 1762 2186 1988 2475 250 1279 1889 1253 1759 220 1622 452 532 2432 103 2441 872 963 591
1952 746 433 732 143 806 1678 2430 1502 302 2484 2231 1048 383 52 2453 438 982 1497 2410 25 1432 1527 1195 227 688 1127 295 226 1739 1597 2229 189 1727 1073 2191 235 1506 812 719 1484 1316 1894 2041 652 2396 1440 2148 2208 875
176 1281 540 1559 1836 811 1343 763 864 581 351 977 1193 287 13 2093 1854 830 575 964 1973 2017 0 1232 612 915 179 1947 1261 1814 1820 1928 930 818 362 175 1017 1235 136 1206 341 2168 1734 434 829 1603 2349 1795 1683 817